camping1-general-gate5
gate3-general-gate5
gate3-ranger-stop3
entrance1-gate2 [(89, 334), (96, 338), (101, 333), (103, 323), (105, 312), (109, 301), (117, 292), (120, 284), (122, 276)]
gate2-ranger-stop1 [(122, 266), (115, 261), (111, 252), (113, 241), (125, 232), (132, 226), (140, 220), (148, 218), (150, 208), (150, 198), (150, 188), (147, 180), (140, 176), (134, 168), (128, 159), (125, 152), (120, 145), (114, 139), (110, 131), (104, 126)]
gate2-camping2 [(128, 275), (138, 275), (147, 274), (152, 268), (161, 265), (169, 262), (179, 260), (189, 260), (189, 270), (189, 280), (193, 287), (200, 290), (206, 296), (212, 302), (218, 308), (219, 318)]
entrance1-camping2 [(99, 336), (103, 329), (105, 320), (108, 313), (111, 305), (113, 296), (118, 290), (124, 284), (129, 277), (136, 271), (147, 268), (156, 265), (165, 261), (174, 258), (184, 258), (190, 263), (190, 273), (193, 281), (198, 288), (205, 292), (212, 298), (214, 306), (217, 315)]
entrance1-camping4 [(101, 338), (117, 343), (124, 349), (130, 357), (133, 371), (133, 382), (137, 390), (138, 400), (139, 409), (145, 415), (147, 424), (147, 434), (149, 442), (156, 447), (165, 445), (171, 440), (179, 442), (182, 451), (182, 461), (189, 466), (196, 470), (206, 470), (215, 469), (225, 467), (234, 465), (242, 463), (243, 453), (243, 443)]
camping4-camping3 [(244, 444), (252, 448), (261, 447), (267, 441), (270, 434), (275, 428), (275, 418), (276, 409), (277, 399), (277, 389), (276, 380), (271, 373), (265, 367), (257, 362), (251, 356), (243, 350), (235, 346), (229, 341)]
camping3-camping0 [(231, 344), (238, 352), (244, 356), (250, 360), (258, 364), (267, 366), (277, 366), (287, 366), (296, 364), (301, 358), (307, 351), (311, 343), (316, 336), (319, 327), (323, 320), (330, 317), (336, 312), (336, 302), (333, 292), (333, 282), (337, 274), (337, 266), (332, 257), (327, 251), (321, 247), (313, 244), (306, 237), (298, 234), (290, 231), (285, 224), (279, 220), (273, 216), (268, 210), (261, 207)]
camping4-camping0 [(248, 446), (256, 448), (264, 446), (271, 442), (275, 433), (277, 422), (277, 412), (277, 402), (277, 392), (279, 380), (284, 373), (293, 364), (300, 355), (304, 348), (310, 339), (315, 332), (322, 325), (328, 320), (334, 313), (334, 303), (334, 293), (334, 283), (334, 273), (334, 263), (329, 256), (323, 252), (315, 247), (307, 243), (299, 240), (292, 234), (285, 228), (276, 221), (267, 211)]
camping0-gate1 [(264, 208), (272, 210), (278, 216), (285, 219)]
camping3-gate1 [(235, 348), (242, 354), (249, 358), (257, 360), (263, 365), (271, 369), (280, 370), (285, 365), (291, 360), (296, 353), (303, 348), (310, 341), (315, 332), (319, 324), (325, 318), (331, 310), (335, 302), (336, 292), (336, 281), (335, 270), (330, 263), (327, 254), (322, 248), (314, 245), (307, 242), (299, 239), (290, 238), (287, 230)]
gate1-gate0 [(291, 216), (297, 209), (303, 202), (305, 191), (307, 181), (309, 173)]
gate0-general-gate1 [(317, 174), (319, 166), (319, 156), (316, 148), (313, 141), (313, 131)]
gate0-entrance0 [(309, 174), (315, 169), (319, 162), (319, 152), (315, 144), (311, 135), (310, 126), (310, 116), (310, 106), (310, 96), (310, 86), (310, 76)]
entrance0-general-gate1 [(311, 83), (311, 93), (311, 103), (311, 113), (315, 120)]
general-gate1-ranger-stop2 [(323, 128), (331, 132), (338, 136), (345, 140), (351, 147), (356, 155), (360, 162), (370, 163), (377, 167), (382, 172), (390, 174)]
ranger-stop2-ranger-stop0 [(399, 174), (409, 173), (418, 169), (423, 163), (429, 156), (431, 146), (431, 136), (431, 124), (430, 114), (429, 104), (430, 94), (433, 87)]
ranger-stop0-general-gate2 [(443, 86), (450, 92), (455, 101), (458, 109), (463, 116), (466, 123), (467, 134), (469, 142), (473, 149), (479, 154), (487, 158), (495, 160), (504, 161)]
general-gate2-general-gate0 [(516, 157), (517, 147), (517, 137), (515, 128), (513, 119), (514, 110), (519, 104), (529, 102), (536, 98), (541, 90), (543, 81), (540, 73), (533, 68), (531, 60), (532, 51), (542, 50)]
general-gate2-camping1 [(518, 169), (519, 178), (522, 187), (522, 197), (525, 205), (527, 215), (530, 224), (533, 233), (537, 240), (541, 248), (543, 258), (545, 267), (547, 276), (547, 287), (547, 297), (547, 307), (546, 316), (542, 322), (539, 330), (539, 340), (539, 350), (543, 357), (548, 365), (550, 374), (552, 382), (553, 391), (553, 401), (559, 407), (562, 415), (568, 423), (574, 428), (579, 434), (587, 437), (597, 437), (607, 437), (615, 435), (619, 427), (620, 417), (620, 406), (620, 396), (617, 386), (612, 376), (610, 367), (609, 358), (607, 348), (605, 338), (605, 328), (605, 318), (607, 310), (613, 302), (621, 298), (629, 294), (633, 286), (635, 278), (639, 271), (643, 264), (641, 255)]
general-gate0-camping1 [(548, 50), (555, 54), (560, 60), (563, 68), (569, 75), (577, 78), (585, 81), (586, 90), (589, 98), (592, 107), (597, 116), (602, 122), (608, 128), (613, 136), (617, 144), (617, 154), (622, 161), (630, 164), (636, 169), (641, 176), (646, 181), (651, 189), (652, 199), (656, 208), (659, 217), (659, 227), (659, 237), (657, 245), (649, 250), (641, 252)]
general-gate2-gate3 [(520, 173), (523, 181), (524, 190), (525, 200), (527, 210), (531, 223), (532, 233), (538, 240), (543, 253), (545, 263), (545, 273), (545, 283), (545, 294), (544, 306), (542, 317), (539, 325), (538, 335), (538, 346), (541, 355), (545, 364), (548, 372), (551, 381), (551, 391), (552, 403), (557, 410), (563, 417), (571, 425), (575, 432), (581, 436), (591, 436), (601, 436), (610, 437), (615, 442), (618, 449), (627, 450), (637, 449), (639, 440), (643, 429), (644, 419), (644, 409), (644, 399), (644, 389), (646, 381), (652, 374), (657, 368), (663, 364), (670, 368), (679, 370), (689, 370), (694, 364), (699, 356), (705, 345), (713, 332), (717, 325), (723, 319), (727, 312), (730, 304)]
general-gate0-gate3 [(553, 58), (561, 64), (569, 68), (575, 75), (581, 81), (587, 88), (589, 98), (593, 107), (599, 114), (605, 125), (609, 132), (613, 140), (618, 149), (624, 155), (630, 161), (636, 167), (640, 174), (644, 183), (647, 191), (652, 198), (655, 207), (657, 217), (658, 226), (659, 238), (657, 246), (651, 254), (646, 260), (643, 270), (637, 279), (633, 287), (627, 299), (623, 309), (618, 316), (609, 317), (606, 327), (606, 337), (607, 348), (609, 358), (613, 369), (614, 379), (615, 388), (616, 397), (617, 408), (617, 419), (617, 430), (617, 440), (619, 448), (629, 448), (635, 444), (639, 436), (640, 424), (640, 410), (644, 394), (647, 383), (652, 373), (659, 366), (669, 366), (679, 366), (689, 363), (696, 356), (704, 350), (711, 342), (718, 332), (724, 324), (729, 316), (731, 308)]
general-gate2-camping8 [(517, 170), (523, 180), (526, 190), (527, 200), (529, 212), (532, 221), (536, 234), (539, 250), (541, 260), (542, 272), (544, 282), (545, 292), (545, 306), (543, 315), (541, 325), (540, 335), (540, 345), (543, 358), (547, 366), (552, 373), (557, 384), (561, 394), (563, 404), (568, 411), (571, 420), (574, 428), (579, 435), (589, 437), (600, 437), (610, 437), (617, 441), (623, 445), (633, 444), (637, 437), (641, 428), (641, 416), (643, 407), (645, 398), (649, 388), (654, 378), (659, 369), (671, 368), (683, 368), (690, 363), (698, 355), (705, 348), (715, 340), (720, 332), (724, 319), (728, 310), (733, 303), (743, 302), (753, 302), (763, 302), (773, 301), (783, 298), (793, 296), (801, 294), (810, 292), (819, 288), (826, 284), (830, 278), (836, 271), (841, 263), (845, 254), (849, 246), (856, 241), (867, 240), (877, 240), (886, 238), (895, 237)]
general-gate0-camping8 [(554, 58), (559, 64), (565, 70), (571, 77), (579, 84), (586, 91), (591, 98), (595, 107), (597, 115), (602, 124), (609, 132), (615, 139), (623, 146), (632, 157), (636, 164), (643, 171), (648, 178), (652, 188), (655, 197), (657, 207), (658, 217), (659, 227), (659, 238), (653, 246), (647, 253), (643, 263), (641, 272), (639, 284), (634, 292), (629, 298), (623, 303), (618, 308), (615, 319), (610, 332), (610, 343), (613, 353), (615, 364), (617, 373), (618, 384), (619, 396), (620, 408), (620, 419), (619, 429), (621, 440), (628, 444), (636, 440), (641, 434), (644, 422), (645, 412), (645, 402), (647, 392), (652, 382), (657, 370), (666, 361), (676, 361), (685, 362), (694, 360), (704, 352), (712, 341), (717, 332), (725, 324), (733, 317), (739, 312), (748, 310), (757, 306), (769, 304), (779, 304), (791, 304), (801, 302), (809, 297), (816, 292), (823, 286), (830, 281), (835, 275), (841, 270), (846, 262), (852, 253), (858, 248), (862, 242), (872, 240), (880, 238), (890, 238)]
camping1-gate3 [(644, 259), (645, 269), (644, 278), (641, 287), (635, 295), (631, 301), (625, 308), (619, 314), (614, 322), (613, 334), (615, 348), (619, 363), (622, 376), (622, 388), (622, 401), (621, 412), (621, 423), (622, 432), (629, 436), (637, 434), (639, 425), (641, 409), (642, 392), (647, 374), (652, 364), (663, 359), (676, 358), (683, 363), (692, 365), (702, 358), (716, 342), (724, 330), (729, 322), (734, 313), (735, 303)]
camping1-camping8 [(638, 256), (641, 263), (641, 273), (636, 280), (630, 287), (627, 296), (623, 311), (621, 322), (619, 331), (618, 340), (617, 349), (617, 360), (617, 372), (616, 384), (615, 398), (613, 410), (613, 420), (617, 430), (621, 439), (630, 442), (636, 435), (640, 423), (642, 410), (645, 396), (649, 380), (655, 369), (667, 366), (677, 366), (689, 366), (698, 357), (707, 347), (711, 341), (720, 331), (735, 316), (741, 308), (751, 304), (765, 304), (780, 301), (790, 296), (800, 290), (815, 286), (825, 283), (836, 275), (847, 265), (855, 259), (861, 248), (867, 241), (877, 237), (887, 235)]
general-gate2-general-gate5 [(517, 166), (520, 175), (522, 185), (524, 196), (526, 207), (529, 219), (533, 231), (536, 240), (539, 249), (539, 260), (539, 270), (539, 282), (539, 292), (539, 306), (539, 318), (540, 327), (544, 337), (548, 348), (553, 364), (554, 376), (557, 387), (558, 401), (560, 411), (566, 419), (574, 424), (585, 426), (594, 427), (603, 430), (612, 436), (620, 443), (623, 451), (623, 461), (620, 469), (616, 478), (614, 488), (614, 499), (614, 510), (611, 520), (610, 530), (610, 540)]
general-gate0-general-gate5 [(555, 58), (564, 64), (570, 71), (576, 76), (584, 88), (590, 96), (599, 105), (607, 115), (615, 126), (619, 135), (623, 146), (628, 155), (634, 165), (638, 176), (643, 183), (648, 192), (652, 200), (653, 211), (654, 221), (654, 231), (652, 240), (647, 247), (643, 255), (640, 265), (638, 278), (633, 290), (627, 301), (620, 313), (614, 323), (612, 342), (611, 356), (611, 367), (612, 377), (612, 387), (614, 396), (618, 406), (618, 416), (622, 429), (624, 448), (625, 460), (623, 472), (618, 483), (617, 493), (617, 503), (615, 512), (614, 521), (613, 531)]
camping1-general-gate5 [(640, 259), (640, 269), (639, 281), (634, 294), (628, 302), (621, 312), (617, 322), (616, 342), (616, 363), (616, 374), (616, 388), (617, 404), (618, 417), (620, 428), (621, 444), (622, 458), (622, 472), (620, 483), (617, 494), (615, 503), (612, 514), (608, 524)]
gate3-general-gate5 [(904, 277), (904, 287), (904, 297), (899, 306), (894, 316), (889, 326), (882, 338), (878, 347), (873, 354), (866, 362), (860, 371), (854, 379), (847, 384), (839, 388), (829, 389), (819, 390), (805, 390), (795, 390), (787, 394), (778, 399), (770, 405), (761, 415), (755, 421), (747, 424), (740, 428), (733, 435), (726, 443), (720, 450), (711, 458), (701, 467), (690, 475), (680, 480), (671, 484), (661, 488), (650, 493), (641, 498), (632, 500), (624, 506), (616, 509), (610, 518)]
